 NUMBER OF REQUESTS
  200

 NUMBER OF CROSSDOCKS
  1

 VEHICLE CAPACITY           VEHICLE SPEED
   50                             0

 UNIT_TIME_FOR_PALLET      FIXED_TIME_PREPARATION
    1                          5
 REQUEST      SUPPLIER                                            CUSTOMER
 CUST NO.     XCOORD.     YCOORD.     READY TIME     DUE DATE     XCOORD.     YCOORD.     READY TIME     DUE DATE     DEMAND
    0          100          100            0           804          100          100            0          804           4
    1           20           59          207           316          178           61          585          804           7
    2           39          186          189           316          182          110          498          740          19
    3           58           19          184           316          186           65          537          764          15
    4           60           71          127           250          123           90          466          720          13
    5           86          150          130           253          134          157          559          803           7
    6           40           95          138           261          176          132          529          759          20
    7           55          100          145           302          155           17          567          785           4
    8           18           35          195           316          159          187          474          726          20
    9           88          152          131           254          174          194          575          787           6
   10           26           41          203           316          136           90          527          781           4
   11           24          131          187           316          184          140          562          783          18
   12           97          192          171           295          143          179          540          766          16
   13           63           44          145           268          171           69          504          744          13
   14            1           54          200           316          153           19          495          738          14
   15            1          149          196           316          111          189          563          787           5
   16           83          180          194           316          159          105          470          723          16
   17           63          141          143           283          101          127          466          721          14
   18           39          112          140           263          149           78          466          720          13
   19           50           31          163           286          157          142          466          720          12
   20           28          160          172           297          156           93          467          721           1
   21           74          163          146           269          158           81          466          720           3
   22           39          151          157           280          189           83          523          755           6
   23            5          122          183           316          162          162          466          720          16
   24           49           99          131           257          176           58          543          768           5
   25           53          175          166           289          173          147          527          758          20
   26           48          106          134           264          112           42          473          725          19
   27           78          169          169           316          155           22          563          781          10
   28           75          170          169           316          154            7          507          746           8
   29            5          130          182           312          181           39          562          779          12
   30           85           85          139           316          171           36          544          768           6
   31           66            3          192           316          158          132          466          720           4
   32           45           95          143           283          112          174          466          720          10
   33           84          188          167           290          124          191          577          804          17
   34           38          101          140           263          158           20          565          782          10
   35           55           51          147           274          130           55          499          741           2
   36           48           94          143           286          180           66          552          773           3
   37           35            9          189           312          139          158          511          748          10
   38           11          118          173           302          119          113          530          799          18
   39           42          174          172           295          136           12          531          760          14
   40           60          153          181           316          121           48          549          797          15
   41           97          129          107           230          118          117          466          720          13
   42           68          191          196           316          104           88          511          779           3
   43           86          110           95           218          154           29          562          786           3
   44           18           59          171           296          172          186          542          767           6
   45           37          146          165           302          138           72          466          720          16
   46           17           32          207           316          104          142          495          738           7
   47           86           69          128           276          104            5          466          720          13
   48           67           70          122           246          141          146          489          735           9
   49           49           71          147           286          159          196          554          774          19
   50           89          176          154           277          113          100          466          720          17
   51           46           40          196           316          184          101          488          734           1
   52           78           72          113           236          181           70          554          776          14
   53           69          150          136           259          138           61          513          749           2
   54            6          120          174           298          182            9          573          786          16
   55           70          130          131           272          104          176          541          766          18
   56           23          168          186           316          137           41          558          798           1
   57           65           42          154           290          151          180          466          720          15
   58           53          180          171           294          146            3          545          769           7
   59           90            4          174           297          186            8          591          797           1
   60           76          102          102           225          107           96          536          804           6
   61           30           67          155           278          154          184          562          779          12
   62           68          115          142           309          100          144          466          720          16
   63           84           81          127           288          121           46          466          720           7
   64           31           63          157           283          177          134          570          804           8
   65           30          183          188           313          155          107          475          726           5
   66           20           72          184           316          148           38          550          777          20
   67           82           48          182           316          178          127          549          772           3
   68           57          157          150           275          144           92          466          720          14
   69           67          138          133           263          122           13          526          758          17
   70           63          149          148           285          197            7          580          790           8
   71           41           43          172           314          149          176          552          773           1
   72           74           67          120           243          106           41          508          746          10
   73           60          184          190           316          151          132          466          720          11
   74           63          192          186           316          122           38          505          744           3
   75           77          119          129           285          114          122          466          720           7
   76           63          151          144           273          108          148          466          720           6
   77           51          162          182           316          149          103          543          795           1
   78           57          118          175           316          103           97          466          720          19
   79           46            5          188           312          107          133          466          720          15
   80           80          190          171           295          114          183          529          759          11
   81           62          152          144           272          113          105          466          720           7
   82           41           16          180           303          142           27          515          751          15
   83            9          122          171           294          168           58          585          804           4
   84           27           97          151           274          200          162          466          720           9
   85           19           51          198           316          135          110          517          766          11
   86            8           89          176           308          116           52          589          804           1
   87           56          148          143           266          125           53          486          733           1
   88           90          174          152           276          115           50          549          801           5
   89           41           73          142           265          184          110          551          774           7
   90           42          148          180           316          110          110          466          720          13
   91           95           50          184           316          152          122          564          804           2
   92           25          165          215           316          191          124          563          783          11
   93           66           98          127           275          135           45          547          786           8
   94           55           87          158           316          125           49          492          736          20
   95           97            9          169           292          173           42          560          780          10
   96           63          116          118           241          172          179          535          763           5
   97           94          119          119           275          118           45          538          779          19
   98           46          131          140           263          161            3          515          750           4
   99           81          183          164           288          145           71          466          720          10
  100            3          101          182           316          193          127          552          773          16
  101           23          123          165           300          183          170          466          720          12
  102           12           15          209           316          124          165          546          780          10
  103           10           20          198           316          198           97          502          743          17
  104           19           38          185           316          168          146          526          757           2
  105           62          138          131           254          121           50          485          732           4
  106           32           23          202           316          115           75          585          804          15
  107           42           72          142           265          112           78          538          804           7
  108           36          104          142           265          123           59          491          736           4
  109           92          178          156           280          147          193          571          786          13
  110           68          156          180           316          186          149          542          767          13
  111           59          139          134           257          122           58          493          737          15
  112            7          119          173           298          113          158          476          727          20
  113            5          162          198           316          172           55          490          735          20
  114           76           93          141           316          137           10          574          796          18
  115           40          115          139           262          131          136          501          742          20
  116           53           79          129           252          100           53          495          738          10
  117           37          177          187           316          113           14          597          804          11
  118           24          197          224           316          159          129          506          745          12
  119           85          193          173           299          114           72          551          804           6
  120           68           40          157           298          157          196          556          775           9
  121           23           74          159           283          148          196          575          790           5
  122           85          164          144           267          111          129          466          720          19
  123           69           64          154           316          174          185          544          768          11
  124           26           45          170           293          165          156          527          758           4
  125           75          134          162           316          127          143          471          724          18
  126            8            8          211           316          141          132          492          736           1
  127           12          113          167           290          113          151          483          731           8
  128           28          187          206           316          142           60          474          725          16
  129           41          186          186           315          116            4          500          741          16
  130           62           38          150           273          152          190          568          783          18
  131           16          141          172           296          182           89          532          761           3
  132           78          118          106           229          125           34          541          770           7
  133           40          130          185           316          118          139          466          720          19
  134           94           31          187           316          148          157          466          720          19
  135           28           15          200           316          143          103          525          772          20
  136            7          108          183           316          188           70          495          738           3
  137           42          165          165           288          146          166          533          762          13
  138           59           24          184           316          103           25          577          804           7
  139           75          173          155           279          152           68          489          735           6
  140           78          136          144           305          137           59          479          729          18
  141           98           77          163           316          136          111          466          720          11
  142           20          113          159           282          198           16          555          775          12
  143           67          127          120           243          154           59          498          740           9
  144           70           37          152           282          176          134          527          758          10
  145           35          160          166           289          179          151          534          762           2
  146           98           89          120           291          125           78          466          720          20
  147           23          176          186           309          114          112          466          720          11
  148           54           37          156           279          172           66          507          745          12
  149           17          166          184           307          109          197          564          782          11
  150           46           22          198           316          135          171          521          754           8
  151           42          144          164           309          181          156          550          772          12
  152           44           10          224           316          193           12          548          771           7
  153           64          156          144           267          151          179          547          770           6
  154           83           81          140           316          116          118          503          756           3
  155           87           30          173           316          127           60          479          729           3
  156           65           77          119           242          103           77          466          720          15
  157           47          118          141           276          108          187          563          789          15
  158           28          127          179           316          199          123          466          720          10
  159           34          145          158           281          120           39          539          775           3
  160           50          135          141           267          109           45          469          722          10
  161           70           28          158           286          114          153          543          790          19
  162           10           60          187           316          131           92          526          785           5
  163           51          112          128           251          137          158          478          728          17
  164           73           81          111           234          191          138          533          761          18
  165           69          133          123           246          161          158          513          749          16
  166           71          114          133           291          164           37          549          771          16
  167           84          180          160           284          111           98          466          720          20
  168           31           79          180           316          144           59          556          804          20
  169           99           45          133           256          165          181          483          731          14
  170           62           15          184           316          105           26          474          726          17
  171           71          131          158           316          172          161          566          787           9
  172           25           48          205           316          112            6          495          738          17
  173           59           83          127           258          127           39          532          761           9
  174           32           47          168           297          197           29          591          801           9
  175           13          139          204           316          138           31          545          770           6
  176           74           55          130           255          138           69          515          752           2
  177            6          193          221           316          126          199          549          771           8
  178           45           55          159           297          188          194          561          778           9
  179           80          167          158           297          109           85          466          720          13
  180           12          131          190           316          130          149          466          720          11
  181           15          197          209           316          126          100          466          720          16
  182           66          196          186           316          178           88          512          749           4
  183           71          145          145           291          129          176          550          775           9
  184           45          142          163           312          179            5          593          802          14
  185           56           19          186           316          110          184          524          756          18
  186           26          197          224           316          179           95          476          727          11
  187           32          190          190           313          196          126          520          753           8
  188           83          112           98           221          101           29          466          720          12
  189           98          193          172           296          125          180          579          804          13
  190           28           77          180           316          145           19          553          774          10
  191           56           90          123           246          150           26          487          734           2
  192           88           15          176           316          143          116          486          733          11
  193           89          153          132           255          175           60          540          766           7
  194           38          183          204           316          109           48          519          754          10
  195           89           39          139           262          195          132          508          746          20
  196           22           61          175           314          108          141          499          741           2
  197           64          123          120           243          110            8          466          720          17
  198           29          121          152           276          139           97          466          720          19
  199           32          166          172           296          168          119          466          720          13
  200           88          143          122           245          151           66          466          721           3
