 NUMBER OF REQUESTS
 100

 NUMBER OF CROSSDOCKS
  1

 VEHICLE CAPACITY          VEHICLE SPEED
       33                        60

 UNIT_TIME_FOR_PALLET      FIXED_TIME_PREPARATION
   1                             10
 REQUEST      SUPPLIER                                            CUSTOMER
 CUST NO.     XCOORD.     YCOORD.     READY TIME     DUE DATE     XCOORD.     YCOORD.     READY TIME     DUE DATE     DEMAND
    0          677908     6150220         0          10000        677908      6150220         0           10000         0
    1          720415     6176264        375         495          538181      6086484        742          862           16
    2          711815     6208837        422         542          588257      6139249        733          853           10
    3          710831     6168718        360         471          528913      6152557        1032          1152           4
    4          662179     6199594        424         544          500074      6269745        849          969           4
    5          720134     6210199        441         561          585053      6140355        780          900           3
    6          723050     6178505        372         492          557926      6181752        740          860           9
    7          722462     6177770        365         485          609023      6077163        832          952           3
    8          719104     6173159        373         493          507721      6199180        824          944           3
    9          726755     6174369        454         574          522714      6075103        975          1095           6
    10          718638     6205725        423         543          526981      6257531        853          973           8
    11          665308     6126823        561         681          465029      6147733        923          1043           4
    12          714197     6169877        360         474          466076      6153323        816          936           3
    13          711357     6175122        385         505          468578      6147060        906          1026           14
    14          712256     6183711        367         487          604134      6229591        762          882           10
    15          724312     6179850        391         511          569239      6227022        783          903           7
    16          713038     6174563        425         545          527858      6099834        845          965           8
    17          680041     6165335        360         461          550967      6189326        799          919           16
    18          714000     6175858        361         481          460950      6153723        838          958           7
    19          729376     6171380        368         488          524269      6122271        763          883           3
    20          719162     6180836        440         560          559318      6372820        919          1039           7
    21          721643     6191903        400         520          575715      6233068        762          882           4
    22          713328     6180335        371         491          526379      6098375        751          871           15
    23          707883     6172444        409         529          551154      6085190        814          934           10
    24          718616     6178587        367         487          509955      6220242        919          1039           8
    25          692484     6114229        372         492          551548      6086116        793          913           9
    26          722535     6177884        378         498          525913      6100626        766          886           3
    27          717147     6175321        413         533          566795      6235297        868          988           6
    28          711404     6173040        416         536          571232      6217308        809          929           10
    29          725608     6177619        395         515          563362      6174239        774          894           15
    30          721531     6176620        401         521          590770      6143614        684          804           16
    31          727024     6174269        437         557          457130      6170154        873          993           8
    32          721822     6219434        466         586          533887      6226464        981          1101           6
    33          719715     6183738        366         486          467870      6149232        939          1059           3
    34          719111     6188923        403         523          573181      6218696        676          796           17
    35          702635     6157129        368         488          548053      6158338        805          925           7
    36          724934     6178541        420         540          586957      6140165        781          901           14
    37          716681     6177794        389         509          525684      6178370        798          918           15
    38          713787     6180528        412         532          485912      6227872        876          996           6
    39          695755     6172192        360         467          533521      6173360        814          934           9
    40          716455     6174308        407         527          505052      6116026        916          1036           10
    41          688659     6135290        360         452          535540      6175538        831          951           4
    42          700035     6214037        389         509          549189      6239861        820          940           12
    43          712269     6179072        398         518          520316      6122652        820          940           15
    44          705545     6162553        414         534          525481      6256968        874          994           9
    45          721971     6180065        370         490          530776      6123111        816          936           7
    46          688052     6135622        360         480          530073      6123607        798          918           11
    47          710100     6173389        360         476          573114      6224161        698          818           7
    48          698583     6194463        421         541          532346      6151566        747          867           17
    49          687421     6136064        360         459          468248      6165130        907          1027           12
    50          723831     6185066        392         512          565087      6258877        773          893           12
    51          692369     6171188        390         510          531606      6149056        703          823           8
    52          719783     6173144        386         506          565881      6236184        850          970           3
    53          724368     6184718        419         539          591924      6240805        746          866           16
    54          718910     6171709        433         553          507179      6176611        897          1017           10
    55          711004     6174193        394         514          535450      6215966        715          835           7
    56          708702     6167054        389         509          573914      6227586        722          842           10
    57          706812     6171620        418         538          573813      6224126        718          838           9
    58          704779     6188005        366         486          526303      6227157        957          1077           10
    59          721952     6181105        384         504          551966      6086341        773          893           3
    60          695169     6172145        369         489          494564      6180601        864          984           12
    61          705394     6194122        388         508          575554      6233326        748          868           10
    62          718594     6176589        375         495          535474      6171882        792          912           17
    63          721688     6178481        374         494          561445      6223124        777          897           12
    64          726193     6175244        368         488          497376      6101138        889          1009           4
    65          698743     6187713        360         478          551139      6084521        831          951           6
    66          722615     6173411        368         488          524733      6256240        893          1013           8
    67          718397     6202151        401         521          563595      6260055        834          954           11
    68          718031     6176003        396         516          454237      6216277        985          1105           10
    69          722924     6179233        403         523          525886      6101092        791          911           14
    70          706865     6203640        449         569          569301      6336868        864          984           10
    71          721263     6182812        420         540          528913      6152557        768          888           8
    72          727868     6174548        402         522          571546      6224364        750          870           3
    73          727518     6172495        387         507          467926      6149124        957          1077           7
    74          682274     6201550        390         510          571194      6204606        734          854           3
    75          723118     6175229        397         517          607823      6101804        778          898           17
    76          724691     6180413        416         536          518775      6122115        794          914           15
    77          727363     6174416        419         539          489644      6172891        833          953           6
    78          712940     6191162        377         497          512792      6134756        876          996           14
    79          649602     6086289        443         563          609004      6077291        819          939           6
    80          657619     6157036        360         457          518022      6123708        947          1067           6
    81          718450     6179787        391         511          529291      6148516        751          871           13
    82          709708     6191229        366         486          588521      6138670        749          869           5
    83          719830     6174927        404         524          552372      6192907        769          889           17
    84          717591     6172170        385         505          531065      6148437        796          916           16
    85          698087     6176940        360         475          563649      6259234        857          977           12
    86          720244     6172776        411         531          549137      6100975        784          904           14
    87          723100     6179516        427         547          524521      6104059        756          876           13
    88          652079     6203996        450         570          546279      6151143        756          876           5
    89          703702     6158884        387         507          593371      6136265        771          891           7
    90          711713     6191285        398         518          460854      6268573        912          1032           14
    91          710950     6173907        377         497          526572      6183651        768          888           10
    92          722006     6182438        401         521          575718      6233070        778          898           6
    93          690023     6060711        452         572          531946      6124109        846          966           16
    94          712122     6191519        417         537          554358      6191227        711          831           9
    95          669685     6176898        497         617          584532      6139633        797          917           4
    96          649386     6141704        371         491          587970      6135855        819          939           7
    97          702599     6171971        360         471          573071      6221251        678          798           9
    98          658371     6065672        485         605          490664      6087621        924          1044           10
    99          720272     6186784        430         550          587803      6141009        713          833           15
    100          701301     6151281        360         465          529393      6149102        728          848           12
