 NUMBER OF REQUESTS
  300

 NUMBER OF CROSSDOCKS
  1
  
 VEHICLE CAPACITY           VEHICLE SPEED
   50                             0

 UNIT_TIME_FOR_PALLET      FIXED_TIME_PREPARATION
    1                          5
 REQUEST      SUPPLIER                                            CUSTOMER
 CUST NO.     XCOORD.     YCOORD.     READY TIME     DUE DATE     XCOORD.     YCOORD.     READY TIME     DUE DATE     DEMAND
    0          150          150            0          1206          150          150            0         1206          20
    1           71          268          142           343          183           80          670         1182           1
    2          140          214           64           271          174          238          799         1192           8
    3           47          203          115           432          166          123          650         1180           4
    4           86          216           91           342          287          293          816         1193           2
    5          107           29          128           402          247           19          722         1186           8
    6          148          157            7           208          152           29          753         1188           8
    7           92          241          107           316          212          270          756         1188           5
    8          119          254          108           322          291          148          758         1188          20
    9           99          226           91           483          162          148          650         1180          15
   10           56          116           99           303          266          212          746         1187          16
   11          110           31          125           326          175          107          650         1180          16
   12           17            0          200           460          184          277          650         1180           5
   13           96           86           83           284          176          235          739         1187          20
   14          136          228           79           324          170           53          739         1187          14
   15          100          138           51           252          154          101          687         1183          10
   16           16           42          172           375          227           62          822         1193           7
   17           67          175           86           290          209          269          729         1186           5
   18           72          286          156           357          207          149          650         1180          20
   19          116           14          140           505          296          211          650         1180          16
   20           26           27          174           377          254           87          766         1189           8
   21           37           14          176           397          201          175          705         1184          14
   22            1           11          203           415          268          113          885         1198          18
   23           74          117           82           488          159           89          740         1187           5
   24           75          191           85           442          175          294          822         1193          14
   25           99          105           68           380          282           76          850         1195          17
   26            6          168          145           394          176          153          791         1191           2
   27           29            8          186           414          207           20          728         1186          12
   28            9           30          185           386          289          143          650         1180           8
   29           90           44          121           322          166          194          672         1182           3
   30           57            7          170           440          295          123          650         1180          12
   31          106          243          102           316          207          237          671         1182           7
   32           85           62          109           325          208          235          690         1183          15
   33          136           50          100           301          267           29          784         1190          19
   34           42          221          129           397          206          121          764         1189           2
   35           60          287          163           411          227            5          784         1190          16
   36           63          170           89           387          151          133          650         1180          18
   37          106          168           47           264          222          100          733         1186          10
   38           73           81          103           304          152           77          736         1187          20
   39           97          232           97           298          225          192          683         1183           9
   40          112           43          113           314          150          104          694         1184           4
   41          135          251          102           341          296          252          785         1190           7
   42           72           20          151           352          214            6          744         1187           4
   43           85           75           99           323          252          219          835         1194           9
   44           52          165           99           366          182          284          776         1190          19
   45           54          136           97           323          259          187          771         1189          10
   46           34          150          116           353          153           61          681         1183          18
   47           37          258          156           376          211          174          867         1197          17
   48           29          130          122           350          199           28          858         1196          14
   49           40          181          114           362          274          136          779         1190          17
   50           61          138           89           300          226          248          829         1194           4
   51          122          127           36           237          203           36          719         1185          14
   52          126          266          118           452          192          150          650         1180           3
   53           19          290          191           425          183           88          670         1182           1
   54           30          243          151           418          165          179          650         1180          18
   55           24          261          167           369          172          198          792         1191           8
   56          149           76           74           432          209           84          650         1180          17
   57            1           81          164           373          181          145          915         1201          12
   58           47          153          103           304          206          157          760         1189          19
   59          125          148           25           226          256          286          837         1194           5
   60          109          148           41           261          234          107          719         1185          14
   61           15           52          166           441          290           37          786         1190           2
   62          108          162           43           422          165          256          813         1193           3
   63          147          240           90           291          188           69          727         1186           8
   64           93          165           58           262          242           70          797         1191          13
   65           72          180           83           297          224           61          710         1185           5
   66           44          286          172           373          283          275          808         1192          15
   67           47          121          107           313          289          130          764         1189          10
   68           30          145          120           332          159          266          803         1192          14
   69            2          238          172           373          198          159          772         1190           7
   70           34            5          185           408          155           93          682         1183          11
   71          103            8          149           350          201          122          650         1180          17
   72           30          149          120           349          278          178          734         1187           5
   73           63          130           89           292          203          183          754         1188          14
   74          107          174           49           414          276           28          812         1192          17
   75           57          123           96           419          199          213          699         1184           3
   76           14          177          138           339          274            6          831         1194          15
   77           84          231          104           375          156          182          751         1188          15
   78           56          212          112           324          168           42          722         1186          11
   79           52          109          106           332          272          211          774         1189           1
   80           88          190           73           274          153          226          769         1189           3
   81           11          191          144           448          250          194          743         1187          14
   82          124          174           35           336          243          136          717         1185          14
   83          127          266          118           337          221          145          963         1205          17
   84          139           31          119           435          296          235          880         1198          14
   85           59          113           98           299          175          123          653         1180           3
   86           76          160           74           275          271          105          877         1198           4
   87           45          190          112           313          169          236          830         1194           3
   88          145           38          112           313          160          179          650         1180          14
   89           44          189          112           367          200           26          769         1189          14
   90          125          168           30           385          189          197          674         1182           7
   91          120          155           30           231          183           44          706         1184          19
   92          120           60           94           340          271            8          819         1193           8
   93           15          259          173           378          161          242          696         1184           1
   94          129           77           75           277          230          150          743         1187          18
   95           29          139          121           322          260           64          762         1189          20
   96          126           42          110           311          237          171          650         1180          17
   97          136           68           83           377          263          291          820         1193          13
   98           64           91          104           442          246           93          729         1186           1
   99          148           28          122           323          250          124          856         1196           2
  100          103           93           73           274          188          142          726         1186          11
  101           37          159          113           445          241          218          706         1184          11
  102           75          269          140           485          183           23          720         1185          11
  103          126          127           33           234          217          138          661         1181          15
  104          103           81           83           409          262          164          669         1182          17
  105           18          196          139           483          259           14          802         1191           7
  106           88           49          118           339          178          263          820         1193          10
  107           60          176           93           338          209          246          844         1195          11
  108           15           88          148           477          275          263          809         1192          13
  109           45           74          129           330          183           43          866         1197          20
  110           37          149          113           356          170           93          691         1183          11
  111           59          287          164           365          167          171          650         1180          16
  112          139          110           41           248          227          192          742         1187          14
  113          136          295          145           428          236           27          753         1188          16
  114          132           16          135           414          243          191          777         1190           4
  115          140           18          132           422          157           84          908         1200           7
  116            4           97          155           357          162           92          713         1185          19
  117          133          153           17           421          150          185          650         1180           8
  118           71          294          164           365          151          113          650         1180           9
  119          133          187           40           241          184          237          712         1185           4
  120          136          241           92           351          230          128          701         1184          13
  121          139          146           11           212          198          100          685         1183           7
  122           15          178          137           338          160           17          729         1186          15
  123           41          279          168           450          180           93          658         1181          20
  124           96           96           76           303          189           41          700         1184          20
  125          137          212           63           385          176          263          822         1193           4
  126            8          227          161           365          263          193          766         1189          19
  127          117          155           33           265          220           43          737         1187          16
  128          113            4          150           365          296           17          807         1192           8
  129          114          259          114           319          217           43          850         1195          12
  130           38           74          135           411          150           67          674         1182          10
  131          148          172           22           256          163          150          650         1180          18
  132          139          250          100           302          167          193          670         1182          14
  133          112          161           39           274          157          254          779         1190          20
  134          127           77           76           290          187          129          650         1180          13
  135          147          152            3           326          234          146          680         1182          10
  136          131          222           74           275          262           14          792         1191           6
  137           43           62          138           342          239           84          704         1184          14
  138           96          199           72           362          152          241          675         1182          13
  139           31           68          144           380          183          282          701         1184          11
  140           14          204          146           364          186           26          781         1190          13
  141          121          116           44           245          175          281          725         1186          15
  142           88          110           73           274          189          201          670         1182          18
  143           25          119          128           338          238          294          792         1191           6
  144          108           80           81           318          250           49          780         1190          11
  145          107          281          137           338          157          221          718         1185           1
  146          118           38          116           342          213          299          785         1190           5
  147          109          299          154           404          271          106          832         1194           1
  148          128          225           78           369          158          140          803         1192           8
  149           69           90          100           301          272          183          790         1191          13
  150           12           10          196           398          203          166          650         1180          16
  151          109           61           97           301          205          130          850         1196           1
  152           11          176          141           505          248          280          768         1189          12
  153          140          294          144           432          297           43          865         1196          10
  154           51            2          178           379          247           86          712         1185          12
  155          102          155           48           249          248           41          741         1187          11
  156           75          265          137           338          246          166          700         1184           6
  157          116          240           96           509          216           40          729         1186           3
  158           30          226          142           343          282          104          781         1190          18
  159           27          255          161           362          253           84          704         1184          13
  160           94           93           79           343          255          203          819         1193          14
  161           57          127           95           296          164          108          679         1182           7
  162           16           22          185           396          266          203          650         1180          11
  163           80          133           72           505          228          217          718         1185           7
  164           75          127           78           340          253           69          754         1188          18
  165            9          239          166           380          180          114          650         1180          15
  166          110           83           78           357          250          228          800         1191           9
  167          102          173           53           384          228          276          863         1196           4
  168           28          141          122           323          166           99          689         1183           8
  169            5          189          150           479          179          123          718         1185          13
  170           44          223          128           330          208          297          790         1191          14
  171            1          145          149           533          241          298          787         1190          12
  172           69          134           82           284          151          172          650         1180           7
  173           24           76          146           425          216          203          736         1187          11
  174           94           12          148           376          241          208          762         1189          18
  175           14          165          136           411          219          152          675         1182           9
  176          114          117           48           249          238          214          847         1195           3
  177           48          141          102           303          173          148          866         1197           2
  178           28          124          124           332          156           57          689         1183           1
  179           12          275          186           387          157           50          731         1186          11
  180            8          200          150           426          276           66          747         1187           6
  181          123           76           78           285          190          181          650         1180          17
  182          108            3          152           491          224          138          650         1180           3
  183          147           43          107           308          154          207          650         1180           9
  184           76          221          102           362          172            2          753         1188          18
  185           29           72          143           375          186          228          650         1180          14
  186           57          192          102           494          191           49          747         1187          11
  187           69          208           99           472          246          133          672         1182           3
  188          112          272          127           332          220           18          743         1187          16
  189          111           40          116           326          182          146          858         1197           1
  190          125          278          130           533          223          198          689         1183          16
  191          102           81           84           286          244           13          817         1193           1
  192           47          143          103           305          274           66          745         1187          19
  193           40            1          185           438          294           64          851         1195          18
  194          135           38          113           314          262           80          756         1188          20
  195          124          299          151           419          180           98          650         1180          17
  196           36          212          129           330          188          198          666         1181           4
  197           89           61          107           515          239          295          796         1191          20
  198           60           72          119           409          152          258          740         1187          20
  199           83          188           77           278          181          297          816         1193           3
  200           11          242          166           383          206          130          680         1183          12
  201           15          219          151           447          241          183          676         1182           5
  202            8            4          203           405          180          106          715         1185          14
  203          102           76           88           311          173          152          650         1180          10
  204            4          296          206           409          235           31          784         1190           7
  205          141          120           31           232          157           12          735         1187           3
  206           78          246          120           433          296           15          854         1195          19
  207          139           33          117           321          172          225          781         1190           9
  208           25          191          131           347          158           83          728         1186          16
  209           82          100           84           285          254          206          822         1193          11
  210            3          119          150           364          236          108          790         1191          11
  211           80          131           72           273          224          229          707         1184          14
  212          131          220           72           273          208          117          717         1185           7
  213          103          260          119           327          176           72          771         1189           5
  214          148            8          142           533          159          287          650         1180           2
  215           57          125           96           312          261          232          725         1186          17
  216           51           63          131           332          277           41          761         1188          11
  217           51          217          119           407          189          240          718         1185           5
  218          149           98           52           264          212           45          745         1187          19
  219           25           64          151           413          231           28          779         1190          18
  220          135          210           61           264          159           42          756         1188           5
  221          113          188           53           318          159           41          755         1188           6
  222          142          188           38           239          229          188          747         1187          19
  223           11          185          143           348          232          121          826         1194           3
  224           99           73           92           298          181          277          732         1186          15
  225          110          262          118           320          281           68          849         1195          10
  226           15            2          200           457          159          300          650         1180          19
  227           72           89           99           349          288          127          732         1186          18
  228           98          129           56           359          230           80          846         1195           9
  229          139          270          120           322          182           81          708         1185          10
  230          143          244           94           295          159          199          699         1184          12
  231          105          252          111           336          280          158          764         1189          12
  232           76          280          149           381          215          295          815         1192           6
  233           61           84          110           523          213          119          758         1188           6
  234           38          139          112           313          229          179          827         1194           1
  235           37           36          160           363          283           65          757         1188           4
  236           81          219           97           298          229           25          798         1191           8
  237          121          246          100           301          274          256          756         1188          11
  238          129           83           70           271          234          213          670         1182           5
  239           87          183           71           312          283          144          736         1187          16
  240           46          155          104           354          208           47          718         1185           2
  241          139          206           57           258          154          299          777         1190           7
  242          114          211           70           271          229           40          840         1195           9
  243           15          209          147           372          289           79          755         1188          20
  244          107          291          147           348          177          281          805         1192          12
  245          101          114           60           533          175          251          762         1189           2
  246            5          195          151           397          210          236          724         1186          16
  247          120          241           95           309          173           64          728         1186           2
  248           83           77           99           300          211           62          819         1193           6
  249           80           35          134           358          230          135          713         1185          15
  250          117           79           78           279          220          182          650         1180          19
  251            3          135          147           348          246          123          710         1185          10
  252           58          240          128           333          300           44          868         1197          12
  253           93          117           65           266          208          208          696         1184           9
  254           80           86           94           295          173           72          774         1190           5
  255          125          136           28           229          265           78          786         1190           7
  256           38           44          154           355          272           70          745         1187          18
  257           45          115          110           311          271          145          707         1185          15
  258           40          236          139           413          184          102          652         1180          16
  259          143           67           83           294          251          195          695         1184          18
  260           20          245          161           420          296          279          788         1190          17
  261            9           63          165           397          195            9          739         1187           8
  262           53          141           97           298          158          291          650         1180           9
  263          143          223           73           274          297          213          774         1189           2
  264          126          233           86           374          205           44          773         1189          13
  265          131           78           74           361          281            8          829         1193           2
  266            7           31          186           396          232           45          765         1189          18
  267          107           39          119           412          266           39          749         1188          12
  268          110          145           40           241          225          210          724         1186          12
  269          111           98           65           337          203          283          829         1194           2
  270           18          151          132           337          289          209          794         1191           7
  271            9          122          143           371          279          189          782         1190           5
  272           33          231          142           400          284           72          746         1187           8
  273           25           14          184           437          228           41          763         1189           7
  274           23          218          144           358          202          161          765         1189           5
  275          117          178           43           391          162          250          688         1183          11
  276           40          192          117           351          299          153          749         1188           9
  277          116          245          100           306          202          292          892         1199          20
  278            4          294          205           415          238          206          706         1184          12
  279           88          124           67           270          275          146          728         1186          14
  280           51          278          161           377          194          234          756         1188           6
  281           26            0          194           423          279           36          814         1192           3
  282           80           67          108           380          238          103          731         1186          16
  283          128          155           22           223          194           11          798         1191          10
  284           18          184          136           392          265          141          700         1184           3
  285          135          139           18           219          264           35          758         1188          20
  286          132          297          148           349          285          285          824         1193          16
  287           43           52          145           346          211          239          749         1188           1
  288          119          214           71           292          233          119          736         1187           6
  289           72           36          138           367          191          234          718         1185           3
  290          108          298          153           373          265          197          758         1188          10
  291           64          170           88           388          285          283          799         1191           2
  292          117          168           37           422          298          135          754         1188          10
  293          113           62           95           296          290          219          783         1190          11
  294           82           35          133           377          293           62          787         1190          16
  295          122           96           60           261          284          244          861         1196          14
  296          119          183           45           284          214          234          743         1187          12
  297           94          109           69           339          176           70          770         1189          13
  298          148          299          149           442          225           73          838         1195           6
  299            2           81          163           377          157          276          650         1180          15
  300           37          126          115           324          208          290          750         1188           6
